<?xml version="1.0"?>
<opencv_storage>
<R type_id="opencv-matrix">
  <rows>3</rows>
  <cols>3</cols>
  <dt>d</dt>
  <data>
    9.9986640032677820e-01 1.1827509273824680e-02 1.1282354450576128e-02
    -1.1726665627407219e-02 9.9989107045577574e-01
    -8.9628419636810144e-03 -1.1387133565293322e-02
    8.8293401327917218e-03 9.9989618258196467e-01</data></R>
<T type_id="opencv-matrix">
  <rows>3</rows>
  <cols>1</cols>
  <dt>d</dt>
  <data>
    -1.9325982723103232e+00 1.7021390334406904e-03
    -4.6418063438842042e-02</data></T>
<E type_id="opencv-matrix">
  <rows>3</rows>
  <cols>3</cols>
  <dt>d</dt>
  <data>
    -5.6371159353956510e-04 4.6428035904827428e-02
    1.2859245548986406e-03 -6.8418616655587794e-02
    1.6514557410477596e-02 1.9318739299029661e+00 2.0961022103265999e-02
    -1.9324078873265551e+00 1.7302368758100952e-02</data></E>
<F type_id="opencv-matrix">
  <rows>3</rows>
  <cols>3</cols>
  <dt>d</dt>
  <data>
    -2.3227940384476777e-08 1.9130840353915610e-06
    -1.0976012426701580e-03 -2.8192138800722053e-06
    6.8048831956419442e-07 1.4184358741237896e-01 3.3150665395628586e-03
    -1.4202701159412320e-01 1.</data></F>
<cameraMatrix1 type_id="opencv-matrix">
  <rows>3</rows>
  <cols>3</cols>
  <dt>d</dt>
  <data>
    1.7590209276513840e+03 0. 7.9788751463700589e+02 0.
    1.7590209276513840e+03 6.3214146530651124e+02 0. 0. 1.</data></cameraMatrix1>
<cameraMatrix2 type_id="opencv-matrix">
  <rows>3</rows>
  <cols>3</cols>
  <dt>d</dt>
  <data>
    1.7590209276513840e+03 0. 8.0237605037870276e+02 0.
    1.7590209276513840e+03 6.3037117781236054e+02 0. 0. 1.</data></cameraMatrix2>
<distCoeffs1 type_id="opencv-matrix">
  <rows>1</rows>
  <cols>14</cols>
  <dt>d</dt>
  <data>
    -2.4910166477589801e-01 3.4835835450041719e-01 0. 0. 0. 0. 0.
    4.4591039194068655e-01 0. 0. 0. 0. 0. 0.</data></distCoeffs1>
<distCoeffs2 type_id="opencv-matrix">
  <rows>1</rows>
  <cols>14</cols>
  <dt>d</dt>
  <data>
    -1.9595569493679521e-01 -5.1860237660726255e-02 0. 0. 0. 0. 0.
    -5.1056894909111350e-01 0. 0. 0. 0. 0. 0.</data></distCoeffs2>
</opencv_storage>
